timestamp,duration,count
16,1453948,0
1453964,20,-1
1453984,1175148,0
2629132,4255356,1799
6884488,227756,0
7112244,246728,2701
7358972,147108,-1799
7506080,457280,0
7963360,2392452,-1801
10355812,2411336,0
12767148,2003228,28019
14770376,12956,0
14783332,248172,2701
15031504,256152,-2699
15287656,20444,0
15308100,1797164,-15001
17105264,2071740,0
19177004,128808,1799
19305812,16212,0
19322024,130272,-1799
19452296,144052,1799
19596348,470936,0
20067284,130416,-1799