timestamp,duration,count
20197700,25291564,1799
45489264,16236,0
45505500,131168,-1799
45636668,528176,1800
46164844,471456,-1800
46636300,11104444,251200
57740744,1132780,-25119
58873524,18564,0
58892088,128804,1798
59020892,16160,0
59037052,129492,-1798
59166544,15712,0
59182256,129772,1798
59312028,490260,0
59802288,129956,-1799
59932244,33012,0
59965256,191712,0
60156968,22168,0
60179136,90304,0